2007
2020
2018
2021
2021
2017
2019
2017
2018
2018
2021
2012
2013
2001
2001
2016
2013
2006
2015
2021
2002
2019
2022
2015
2016
2017
2018
1998
2020
2011
2011
2018
2019
2018
2005
2021
2021
2019
2020
2021
2021
2017
2021
2015
2012
2020
2017
2020
2018
2009
2018
2021
2012
2019
2017
2017
2009
2004
2020
2001
2010
2010
2021
2021
2021
2020
2018
2016
2001
2018
2010
2011
2002
2017
2021
2014
2017
2018
2019
2020
2020
2007
2015
2016
2014
2016
2018
2007
2007
2007
1997
2009
2009
2007
2007
1996
2022
2018
2000
2016
2017
2020
2021
2015
2013
2014
2009
2010
2008
2009
2008
2014
1995
2013
2007
1996
2016
2019
2018
2006
2018
2022
2009
2020
2017
2021
2018
2019
2004
2015
2021
2007
1997
2020
2004
1996
1997
2002
2001
2005
2007
2006
2015
2013
2013
2009
2016
2013
2013
2000
2013
1999
2013
2016
2018
2017
2000
1999
2021
2020
2017
2013
2013
2014
2004
2014
2000
2000
2018
2017
2004
2002
2002
2002
2002
2002
1997
1996
2001
2017
2020
1997
1998
1995
2008
2011
2020
2016
2018
2003
2013
2009
2015
2022
2017
2020
2000
2007
2017
2007
2018
2018
1999
2006
2015
1997
2017
2014
2020
2014
2018
2013
2016
2004
2000
2021
2005
2020
2016
2007
2017
2002
2018
2019
2019
2018
2018
2020
2018
2014
2019
2002
2015
2013
2020
2021
2020
2014
2007
2021
2001
2019
2021
2016
1996
2019
2017
2017
2020
1998
2017
2017
2009
2019
2019
2018
2021
2017
2021
2015
2015
2020
2018
2022
2014
2014
2021
2022
2001
2006
2021
2015
2021
2021
2015
1999
2012
2001
2017
2003
2017
2020
2000
2018
2018
2009
2021
2020
2018
2018
2018
2000
2017
2013
2021
2013
2019
2009
2014
2010
2018
2018
2018
2018
2021
1989
1987
1994
1977
1991
1992
1987
1995
1982
1992
1993
1993
1992
1988
1989
1989
1991